TURRTNT_FIX_INTTRTST_ARTA_LABTL	TURRTNT_FIX_START	TURRTNT_FIX_TND	取点	占比				
T	353	496					10	0
T	521	650	0				20	0
T	702	840	0				30	0
T	865	1136	0				40	0
T	1194	1339	0				50	0
T	1377	1534	0				60	0
T	1569	1593	0				70	0
T	1642	1808	0				80	0
T	1838	1999	0				90	0
O	2079	2515	0				100	0
T	2560	2740	0				110	0
T	2759	2909	0				120	0
T	2951	3206	0				130	0
T	3237	3550	0				140	0
O	3594	3776	0				150	0
T	3837	4150	0				160	0
T	4173	4476	0				170	0
T	4519	4692	0				180	0
O	4749	5025	0				190	0
O	5068	5235	0				200	0
O	5288	5542	0				210	0
O	5571	5913	0				220	0
O	5947	6157	0				230	0
T	7082	7246	0				240	0
T	7599	8040	0				250	0
T	8053	8098	0				260	0
O	7	283	1				270	1
T	680	1273	0				280	0
O	1333	1558	0				290	0
O	1589	1764	0				300	0
O	1807	2032	0				310	0
T	2079	2238	0				320	0
O	2270	2617	0				330	0
O	2658	2973	0				340	0
O	4373	4558	0				350	0
O	4580	4732	0				360	0
O	4765	5187	0				370	0
O	5230	5464	0				380	0
T	5712	5887	0				390	0
O	5944	6158	0				400	0
O	6200	6384	0				410	0
O	6436	6590	0				420	0
T	6635	7161	0				430	0
T	7207	7353	0				440	0
T	7372	7725	0				450	0
O	7762	8047	0				460	0
T	7	292	0				470	0
T	315	601	1				480	1
T	626	1101	0				490	0
T	1144	1232	0				500	0
O	1275	1470	0				510	0
O	1498	1727	0				520	0
O	1774	2472	0				530	0
O	2514	3302	0				540	0
O	3342	3543	0				550	0
O	3565	3893	0				560	0
O	3947	4128	0				570	0
O	4152	4346	0				580	0
O	5225	5470	0				590	0
O	5510	5788	0				600	0
O	5814	6031	0				610	0
O	6060	6445	0				620	0
O	6456	6833	0				630	0
O	6878	7181	0				640	0
O	7207	7523	0				650	0
O	7548	7777	0				660	0
O	7799	7980	0				670	0
O	8030	8091	0				680	0
O	316	602	0				690	0
O	622	775					700	1
T	822	1250					710	0
T	1274	1412					720	0
T	1456	1704					730	0
O	1747	1960					740	0
O	2010	2179					750	0
O	2202	2525					760	0
O	2555	2822					770	0
O	2877	3326					780	0
O	3379	3596					790	0
O	3653	4076					800	0
O	4117	4338					810	0
O	4386	4571					820	0
O	4596	4723					830	0
O	4772	5227					840	0
O	5271	5524					850	0
O	5549	5934					860	0
O	5970	6067					870	0
O	6338	6546					880	0
O	6588	6782					890	0
O	6842	7068					900	0
O	7128	7415					910	0
O	7451	7773					920	0
O	7797	8022					930	0
O	7	230					940	0
O	254	456					950	0
T	482	658					960	0
T	705	1118					970	1
T	1164	1310					980	0
O	1564	1713					990	0
T	2641	2818					1000	0
T	2853	2993					1010	0
T	3020	3155					1020	0
T	3208	3377					1030	0
T	3400	3678					1040	0
T	3715	4034					1050	0
T	4078	4220					1060	0
T	4256	4706					1070	0
T	4728	5035					1080	0
T	5320	5525					1090	0
T	5541	5940					1100	0
O	6007	6229					1110	0
T	6807	6990					1120	0
T	7217	7419					1130	0
T	7443	7595					1140	0
T	7618	8028					1150	0
O	8058	8089					1160	0
T	7	264					1170	0
T	304	808					1180	0
T	848	1119					1190	0
T	1459	1826					1200	0
T	1849	1926					1210	0
O	1987	2242					1220	0
T	2270	2458					1230	0
O	2518	2900					1240	0
O	2933	3095					1250	0
O	3110	3299					1260	0
O	3549	3879					1270	0
O	3934	4184					1280	0
O	4209	4440					1290	0
O	4486	4648					1300	0
O	4713	4962					1310	0
O	5011	5110					1320	0
T	5167	5488					1330	0
T	5518	5712					1340	0
T	6504	6745					1350	0
O	6781	7040					1360	0
O	7109	7323					1370	0
O	7355	7653					1380	0
O	7679	7895					1390	0
O	7952	8097					1400	0
T	313	731					1410	0
T	755	957					1420	0
T	1001	1288					1430	0
O	1609	1745					1440	0
O	1801	2128					1450	0
O	2154	2442					1460	0
T	2506	2787					1470	0
O	2823	3073					1480	0
O	3425	3695					1490	0
O	3740	3996					1500	0
O	4021	4282					1510	0
O	4317	4469					1520	0
T	4497	4679					1530	0
T	4697	4766					1540	0
O	5345	5524					1550	0
O	5590	5726					1560	0
O	5753	5925					1570	0
T	6327	6494					1580	0
T	7096	7549					1590	0
T	7595	7761					1600	0
T	7782	8081					1610	0
O	7	266					1620	0
O	312	452					1630	0
O	496	702					1640	0
T	758	1008					1650	0
O	1070	1237					1660	0
T	1295	1560					1670	0
T	1583	1824					1680	1
T	1840	2039					1690	0
T	2092	2284					1700	0
T	2303	2704					1710	0
O	2888	2984					1720	0
T	3006	3351					1730	0
O	3404	3690					1740	0
O	3716	3875					1750	0
O	3900	4054					1760	0
O	4107	4447					1770	0
O	4476	4635					1780	0
O	4701	4861					1790	0
O	4886	5175					1800	0
T	5228	5432					1810	0
O	5483	5644					1820	0
O	5672	5808					1830	0
O	5867	6201					1840	0
O	6283	6786					1850	0
O	7809	8064					1860	0
O	7	199					1870	0
T	241	365					1880	0
O	393	816					1890	0
T	1102	1515					1900	0
T	1554	1861					1910	0
O	1924	2105					1920	0
O	2359	2715					1930	0
T	2739	3154					1940	0
O	3235	3389					1950	0
T	3422	3923					1960	0
O	3969	4196					1970	0
T	4247	4445					1980	0
T	4457	4688					1990	0
T	4793	4839					2000	0
O	4891	5011					2010	0
O	5128	5214					2020	0
O	5232	5470					2030	0
O	5505	5786					2040	0
O	5809	5937					2050	0
O	5987	6149					2060	0
O	6173	6414					2070	0
T	6458	6828					2080	0
T	6869	7011					2090	0
O	7058	7491					2100	0
O	7520	7754					2110	0
O	7784	7980					2120	0
O	8009	8090					2130	0
O	7	320					2140	0
O	368	480					2150	0
T	531	736					2160	0
T	769	1054					2170	0
O	1078	1587					2180	0
T	1614	1846					2190	0
O	1875	1948					2200	0
O	1993	2250					2210	1
O	2290	2567					2220	0
T	2849	3141					2230	0
T	3161	3560					2240	0
O	3605	3841					2250	0
O	3866	4348					2260	0
O	4360	4480					2270	0
O	4515	4946					2280	0
O	4981	5157					2290	0
O	5177	5287					2300	0
O	5542	5579					2310	0
O	5636	5878					2320	0
O	5921	6100					2330	0
O	6126	6287					2340	0
O	6316	6482					2350	0
O	6550	6714					2360	0
O	6741	6953					2370	0
O	6983	7204					2380	0
O	7226	7535					2390	0
O	7566	7917					2400	0
O	7944	8091					2410	0
O	7	248					2420	0
O	302	428					2430	0
T	466	665					2440	0
T	709	985					2450	0
T	1008	1359					2460	0
T	1406	1584					2470	0
O	1612	1887					2480	0
O	2185	2458					2490	0
O	2486	3116					2500	1
O	3148	3450					2510	0
O	3497	3883					2520	0
T	3937	4213					2530	0
T	4231	4739					2540	0
T	4789	5033					2550	0
T	5054	5568					2560	0
T	5588	5851					2570	0
T	5909	6145					2580	0
T	6170	6537					2590	0
O	6565	6847					2600	0
O	6874	7134					2610	0
O	7159	7250					2620	0
T	7323	7572					2630	0
T	7604	7796					2640	0
T	7814	8089					2650	0
O	7	233					2660	0
O	270	414					2670	0
T	458	778					2680	0
T	799	1028					2690	0
T	1051	1305					2700	0
T	1322	1618					2710	0
O	1665	1821					2720	0
T	1849	2028					2730	0
T	2052	2215					2740	0
T	2235	2483					2750	0
O	2542	2915					2760	1
O	2955	3209					2770	0
O	3233	3473					2780	0
O	3509	3806					2790	0
T	3852	4022					2800	0
T	4052	4291					2810	0
T	4338	4706					2820	0
T	4731	5301					2830	0
T	5325	5794					2840	0
O	5831	6197					2850	0
O	6274	6435					2860	0
O	6473	6654					2870	0
O	6684	6954					2880	0
O	6979	7262					2890	0
O	7281	7494					2900	0
O	7561	7840					2910	0
O	7895	8101					2920	0
T	444	633					2930	0
T	659	1062					2940	0
T	1083	1494					2950	0
O	1569	1749					2960	0
O	1775	2016					2970	0
O	2566	2940					2980	0
T	2983	3160					2990	1
T	3182	3512					3000	0
T	3536	3791					3010	0
O	3845	4038					3020	0
T	4272	4665					3030	0
T	4682	4945					3040	0
O	4988	5179					3050	0
T	5204	5400					3060	0
T	5723	6138					3070	0
T	6160	6187					3080	0
O	6746	7083					3090	0
O	7137	7405					3100	0
O	7503	7658					3110	0
O	7706	7947					3120	0
O	8024	8101					3130	0
O	276	437					3140	0
T	462	872					3150	0
T	881	1004					3160	0
T	1047	1196					3170	0
T	1217	1381					3180	0
T	1398	1655					3190	0
T	1681	1927					3200	0
T	1961	2109					3210	0
O	2140	2295					3220	0
O	2318	2412					3230	0
T	2470	2694					3240	0
T	2717	3027					3250	0
T	3067	3237					3260	0
T	3252	3700					3270	1
T	3720	3893					3280	0
T	3925	4812					3290	0
O	4853	4980					3300	0
T	5031	5319					3310	0
O	5357	5506					3320	0
O	5524	5735					3330	0
O	5765	5915					3340	0
T	5957	6139					3350	0
T	6160	6514					3360	0
T	6552	6897					3370	0
T	6942	7080					3380	0
T	7105	7288					3390	0
T	7311	7400					3400	0
T	7633	7834					3410	0
T	7876	8097					3420	0
T	7	318					3430	0
O	344	643					3440	0
O	656	979					3450	0
T	1004	1266					3460	0
T	1289	1601					3470	0
T	1625	1813					3480	0
T	1837	1978					3490	0
T	2016	2247					3500	0
T	2411	2436					3510	0
T	2457	3120					3520	0
T	3377	3485					3530	0
T	3508	3609					3540	1
T	3634	3794					3550	0
T	3812	3934					3560	0
O	3992	4304					3570	0
O	4343	4765					3580	0
O	4799	5019					3590	0
O	5058	5132					3600	0
O	5214	5259					3610	0
T	6476	6791					3620	0
O	7521	7745					3630	0
T	7826	8103					3640	0
T	7	254					3650	0
T	296	481					3660	0
T	505	846					3670	0
T	893	1098					3680	0
T	1117	1312					3690	0
T	1361	1473					3700	0
T	1535	1728					3710	0
T	1954	2176					3720	0
O	2206	2384					3730	0
O	2402	2494					3740	0
O	2539	2810					3750	0
O	2836	3178					3760	0
O	3194	3374					3770	0
O	3412	3568					3780	0
O	3618	3945					3790	1
O	4004	4148					3800	0
O	4170	4347					3810	0
T	4412	4626					3820	0
T	4645	5038					3830	0
O	5080	5383					3840	0
O	5418	5620					3850	0
O	5672	5930					3860	0
O	5977	6169					3870	0
O	6227	6491					3880	0
O	6516	6721					3890	0
O	6790	6984					3900	0
O	7011	7140					3910	0
O	7190	7386					3920	0
O	7415	7696					3930	0
O	7722	7892					3940	0
O	7947	8055					3950	0
T	7	243					3960	0
O	287	565					3970	0
O	580	1287					3980	0
T	1323	1619					3990	0
T	1644	1832					4000	0
T	1845	2013					4010	0
T	2071	2347					4020	0
O	2373	2987					4030	0
T	3229	3471					4040	0
T	3489	3928					4050	0
O	3968	4729					4060	1
T	4766	5123					4070	0
T	5147	5461					4080	0
T	5480	5871					4090	0
O	5913	6056					4100	0
T	6077	6324					4110	0
O	6347	6562					4120	0
T	6595	6756					4130	0
T	6889	6910					4140	0
O	7410	7678					4150	0
O	7700	7811					4160	0
O	7	164					4170	0
T	201	352					4180	0
T	378	648					4190	0
T	694	921					4200	0
T	954	1217					4210	0
T	1261	1660					4220	0
T	1684	2300					4230	0
T	2317	2755					4240	0
O	2818	3260					4250	0
O	3281	3421					4260	0
T	3467	3706					4270	0
T	3726	3923					4280	0
O	3969	4202					4290	0
T	4244	4453					4300	1
O	4505	4726					4310	0
O	4746	5111					4320	0
T	5392	5616					4330	0
T	5631	6033					4340	0
O	6061	6461					4350	0
O	6529	6834					4360	0
O	6878	7143					4370	0
T	7171	7501					4380	0
T	7527	7811					4390	0
O	7885	8050					4400	0
O	7	250					4410	0
O	437	596					4420	0
O	610	762					4430	0
T	987	1260					4440	0
T	1272	1493					4450	0
T	1547	1907					4460	0
T	1928	2159					4470	0
T	2180	2368					4480	0
T	2384	2565					4490	0
O	2593	2776					4500	0
T	3101	3262					4510	0
T	3291	3662					4520	0
T	3679	3966					4530	0
O	4031	4285					4540	0
O	4312	4562					4550	1
O	5027	5293					4560	0
O	5326	5963					4570	0
O	5987	6551					4580	0
O	6611	6699					4590	0
O	6734	6920					4600	0
O	7356	7617					4610	0
T	7649	7790					4620	0
O	7	164					4630	0
T	320	599					4640	0
O	641	1090					4650	0
T	1133	1310					4660	0
T	1354	1511					4670	0
T	1555	1755					4680	0
T	1776	2095					4690	0
O	2150	2425					4700	0
T	2482	2655					4710	0
T	2687	3200					4720	0
T	3239	3424					4730	0
T	3489	3834					4740	0
O	3861	4223					4750	0
O	4278	4567					4760	0
O	4592	4793					4770	1
O	4848	5157					4780	0
O	5186	5338					4790	0
O	5383	5685					4800	0
O	5765	6004					4810	0
O	6040	6158					4820	0
O	6215	6463					4830	0
O	6503	6861					4840	0
O	6916	7369					4850	0
T	7397	7605					4860	0
O	7649	7842					4870	0
O	7	157					4880	0
O	296	432					4890	0
O	474	709					4900	0
O	766	891					4910	0
O	951	1138					4920	0
O	1158	1381					4930	0
T	1715	2005					4940	0
T	2039	2321					4950	0
T	2380	2543					4960	0
T	2571	2889					4970	0
T	2912	3262					4980	0
T	3285	3484					4990	0
O	3655	3845					5000	0
O	3871	4047					5010	0
O	4103	4363					5020	0
O	4386	4861					5030	0
O	4918	5199					5040	1
O	5243	5607					5050	0
O	5664	5962					5060	0
O	6015	6157					5070	0
O	6346	6539					5080	0
O	6568	6771					5090	0
O	6814	7074					5100	0
O	7378	7623					5110	0
O	7656	7896					5120	0
T	8043	8091					5130	0
T	7	248					5140	0
O	291	454					5150	0
O	477	695					5160	0
O	719	803					5170	0
T	844	1094					5180	0
T	1120	1823					5190	0
T	1882	2130					5200	0
T	2173	2359					5210	0
T	2408	2676					5220	0
T	2690	3056					5230	0
O	3090	3261					5240	0
O	3285	3681					5250	0
T	3873	4037					5260	0
O	4072	4220					5270	0
T	4248	4508					5280	0
T	4564	4797					5290	0
T	4822	5176					5300	0
T	5192	5694					5310	1
O	5729	5939					5320	0
O	5953	6139					5330	0
O	6162	6421					5340	0
O	6455	6778					5350	0
O	6806	6970					5360	0
O	7031	7495					5370	0
O	7533	7706					5380	0
O	7752	7960					5390	0
T	7	349					5400	0
T	376	535					5410	0
T	591	819					5420	0
T	850	1079					5430	0
T	1131	1226					5440	0
T	1282	1468					5450	0
T	1495	1570					5460	0
T	1629	1811					5470	0
T	1835	2006					5480	0
T	2033	2235					5490	0
T	2285	2586					5500	0
T	2606	2763					5510	0
O	2817	3312					5520	0
T	3354	3629					5530	0
T	3655	3935					5540	0
T	3984	4162					5550	0
T	4194	4405					5560	0
T	4471	4651					5570	0
T	4671	4929					5580	0
T	4939	5309					5590	0
T	5328	5365					5600	0
O	5441	5620					5610	1
O	5662	5846					5620	0
O	5859	5968					5630	0
T	6049	6230					5640	0
T	6255	6449					5650	0
T	6510	6707					5660	0
T	6726	7020					5670	0
T	7045	7643					5680	0
T	7708	7874					5690	0
T	7900	8099					5700	0
T	7	200					5710	0
T	255	404					5720	0
T	426	590					5730	0
T	620	1066					5740	0
T	1128	1447					5750	0
T	1471	1620					5760	0
T	1662	1765					5770	0
T	1914	2279					5780	0
T	2338	2428					5790	0
T	2495	2760					5800	0
T	3023	3224					5810	0
T	3278	3532					5820	0
O	3583	3700					5830	0
O	3724	4075					5840	0
O	4110	4352					5850	0
O	4370	4565					5860	0
O	4583	4810					5870	0
T	4872	4999					5880	0
T	5019	5498					5890	0
T	5545	5697					5900	0
T	5720	5904					5910	0
T	5925	6100					5920	0
T	6128	6450					5930	0
O	6496	6813					5940	0
O	7652	7805					5950	0
O	7831	8104					5960	0
O	7	100					5970	0
O	212	422					5980	0
T	462	709					5990	0
O	767	930					6000	0
O	954	1075					6010	0
T	1134	1399					6020	0
T	1434	1563					6030	0
O	1627	1813					6040	0
O	1871	2100					6050	0
O	2135	2328					6060	0
O	2378	2516					6070	0
T	2562	2748					6080	0
T	2780	3345					6090	0
O	3404	3742					6100	0
O	3809	4117					6110	0
O	4178	4362					6120	0
O	4422	4704					6130	0
O	4729	4977					6140	0
O	5004	5415					6150	0
O	5488	5747					6160	0
O	5769	5980					6170	0
O	6037	6345					6180	1
O	6373	6674					6190	0
O	6695	7052					6200	0
O	7240	7585					6210	0
O	7610	7839					6220	0
T	7862	7984					6230	0
O	7	257					6240	0
T	298	432					6250	0
T	458	685					6260	0
T	713	1220					6270	0
T	1242	1467					6280	0
T	1495	1954					6290	0
T	1972	2333					6300	0
T	2354	2874					6310	0
O	2907	3195					6320	0
O	3237	3383					6330	0
O	3427	3688					6340	0
T	3719	3933					6350	0
T	3960	4687					6360	0
T	4729	4894					6370	0
T	4927	5190					6380	0
T	5202	5679					6390	0
T	5699	6066					6400	0
T	6073	6367					6410	0
O	6429	6881					6420	0
O	6923	7096					6430	0
O	7117	7751					6440	0
O	7771	7956					6450	0
O	7970	8101					6460	0
O	7	141					6470	0
T	189	299					6480	0
T	1484	1664					6490	0
T	1689	1879					6500	0
T	2207	2528					6510	0
T	2560	2738					6520	0
T	2760	3122					6530	0
T	3194	3372					6540	0
T	3401	3651					6550	0
O	3718	3925					6560	0
T	3989	4421					6570	0
T	4450	4779					6580	0
T	4799	5144					6590	0
T	5214	5369					6600	0
T	5395	5632					6610	0
T	5674	5933					6620	0
T	5956	6476					6630	0
T	6500	6871					6640	1
T	6901	7162					6650	0
T	7181	7537					6660	0
O	7592	7828					6670	0
O	7860	8005					6680	0
O	8025	8106					6690	0
O	7	108					6700	0
O	285	360					6710	0
T	397	667					6720	0
T	692	1061					6730	0
T	1084	1287					6740	0
T	1344	1745					6750	0
T	1767	2212					6760	0
T	2230	2696					6770	0
T	2751	2976					6780	0
T	2996	3252					6790	0
T	3272	3734					6800	0
T	3800	3944					6810	0
T	3960	4174					6820	0
O	4201	4479					6830	0
O	5117	5490					6840	0
T	5515	5758					6850	0
T	5783	6064					6860	0
O	6361	6679					6870	0
O	6730	6892					6880	1
O	7117	7183					6890	0
O	7224	7447					6900	0
O	7483	7654					6910	0
O	7674	7802					6920	0
O	7862	8095					6930	0
T	7	152					6940	0
T	457	642					6950	0
T	667	948					6960	0
T	968	1120					6970	0
T	1157	1317					6980	0
T	1343	1543					6990	0
T	1597	1929					7000	0
T	1954	2145					7010	0
T	2175	2414					7020	0
O	2452	2696					7030	0
T	2733	2958					7040	0
T	2976	3327					7050	0
O	3398	3644					7060	0
O	3668	3912					7070	0
O	3967	4371					7080	0
T	4409	4590					7090	0
T	4668	4796					7100	0
T	4821	5129					7110	0
T	5144	5788					7120	0
T	5818	5944					7130	0
O	6043	6218					7140	0
T	6268	6420					7150	0
T	6443	6820					7160	0
O	7211	7386					7170	0
T	7429	7755					7180	0
T	7775	8006					7190	0
O	8049	8101					7200	0
T	7	206					7210	0
T	250	386					7220	0
T	412	606					7230	0
T	633	734					7240	0
T	788	942					7250	0
T	965	1281					7260	0
T	1326	1504					7270	0
T	1527	1776					7280	0
T	1816	2187					7290	0
O	2247	2363					7300	0
T	2390	2752					7310	0
T	2777	3017					7320	0
T	3069	3237					7330	0
T	3265	3475					7340	0
T	3490	3910					7350	0
T	4260	4435					7360	0
T	4461	4800					7370	0
T	4830	5052					7380	0
O	5104	5446					7390	0
O	5470	5696					7400	0
T	5748	6015					7410	0
T	6041	6185					7420	0
O	6647	6863					7430	0
O	6893	6983					7440	0
T	7229	7324					7450	0
T	7358	7683					7460	1
T	7711	8050					7470	0
O	7	37					7480	0
O	226	344					7490	0
T	391	619					7500	0
T	644	905					7510	0
T	928	1120					7520	0
T	1146	1493					7530	0
T	1520	1838					7540	0
T	1863	2046					7550	0
T	2067	2321					7560	0
T	2373	2587					7570	0
T	2612	3305					7580	0
T	3314	3749					7590	0
T	3771	4221					7600	0
T	4283	4666					7610	0
T	4678	4872					7620	0
T	5143	5475					7630	0
T	5482	5669					7640	0
T	5692	5808					7650	0
T	5989	6076					7660	0
T	6099	6437					7670	0
T	6462	6701					7680	0
T	6744	6920					7690	0
T	6938	7303					7700	0
O	7385	7549					7710	0
O	7577	7780					7720	1
O	7792	7938					7730	0
O	7994	8102					7740	0
T	7	285					7750	0
T	321	464					7760	0
T	492	621					7770	0
T	648	832					7780	0
T	856	1068					7790	0
T	1077	1294					7800	0
T	1314	1805					7810	0
T	1828	2212					7820	0
T	2421	2611					7830	0
T	2634	2992					7840	0
T	3019	3863					7850	0
T	4824	4976					7860	0
O	5297	5445					7870	0
T	5487	5598					7880	0
O	5646	6017					7890	0
O	6041	6352					7900	0
O	6381	6959					7910	0
O	6986	7516					7920	0
O	7559	7863					7930	0
T	7931	8095					7940	1
T	7	254					7950	0
T	291	448					7960	0
T	475	645					7970	0
T	671	888					7980	0
T	915	1181					7990	0
T	1199	1739					8000	0
T	1763	2027					8010	0
T	2049	2210					8020	0
T	2232	2459					8030	0
T	2487	2913					8040	0
O	2956	3266					8050	0
O	3282	3474					8060	0
T	3533	3719					8070	0
T	3745	3991					8080	0
T	4013	4300					8090	0
T	4333	4696					8100	0
T	4721	5097						
T	5123	5486						
O	5528	5702						
O	5716	5846						
O	5877	6053						
O	6069	6209						
O	6243	6640						
O	6678	6850						
O	6872	7067						
O	7105	7335						
O	7433	7898						
T	7941	8093						
O	7	300						
O	326	496						
T	547	785						
T	799	1265						
T	1291	1551						
O	1607	1781						
O	1820	2009						
O	2049	2184						
T	2229	2491						
T	2516	3045						
O	3073	3484						
O	3529	3901						
O	3931	4081						
O	4107	4781						
O	4853	5215						
O	5266	5461						
O	5479	5853						
O	5907	6195						
O	6220	6404						
O	6462	6836						
O	6873	7036						
O	7078	7561						
O	7924	8089						
O	7	229						
T	274	421						
T	448	704						
O	729	1354						
T	1385	1653						
T	1683	1950						
T	1992	2940						
O	3176	3285						
T	3316	3596						
T	3617	3775						
O	3799	4202						
T	4231	4689						
T	4709	4854						
T	4919	5125						
T	5150	5477						
T	5505	5734						
T	5755	5939						
O	5999	6252						
O	6279	6639						
O	7034	7275						
O	7318	7613						
O	7640	8097						
T	7	318						
T	368	480						
T	537	1181						
T	1210	1689						
T	1755	1957						
T	1981	2292						
T	2318	2891						
T	2917	3172						
T	3199	3372						
T	3395	3686						
T	3715	3993						
O	4053	4187						
O	4212	4561						
O	4577	4838						
O	4902	5135						
T	5177	5377						
T	5396	5650						
T	5672	5960						
O	6002	6208						
O	6239	6458						
O	6507	6737						
O	6767	7205						
O	7259	7435						
O	7480	7702						
O	7719	7899						
O	7927	8104						
O	7	199						
T	289	406						
O	435	576						
T	605	782						
T	808	1257						
O	1297	1632						
T	1693	2253						
T	2267	2458						
T	2488	3008						
T	3021	3333						
T	3353	3515						
O	3560	3775						
O	3806	3954						
O	3985	4192						
O	4213	4504						
O	4558	4804						
O	4830	5037						
O	5556	5849						
O	5906	6096						
O	6592	6843						
O	6887	7109						
O	7164	7800						
O	7852	8095						
O	7	142						
T	530	615						
T	650	843						
T	1098	1151						
T	1174	1226						
T	1243	1434						
T	1455	1657						
T	1686	1836						
T	1869	2100						
O	2128	2359						
T	2379	2597						
T	2624	2915						
T	2947	3204						
O	3375	3405						
O	3522	3573						
O	3582	3632						
O	3739	4020						
O	4068	4343						
O	4398	4700						
O	4737	4799						
O	4844	5048						
O	5066	5497						
O	5527	5775						
O	5858	6011						
O	6309	6490						
O	6568	6601						
O	6831	6899						
O	6999	7061						
O	7099	7218						
O	7235	7356						
O	7411	7630						
O	7712	7959						
O	8004	8089						
T	7	192						
T	420	584						
T	622	868						
T	891	1258						
T	1304	1461						
T	1485	1810						
T	1866	2557						
T	2640	2954						
T	2978	3220						
T	3243	3626						
T	3690	4044						
O	4178	4272						
O	4313	4395						
O	4421	4673						
O	4702	4848						
O	4872	5024						
O	5038	5193						
O	5249	5495						
O	5540	5685						
T	5759	5839						
T	6060	6227						
T	6276	6448						
T	6465	6671						
T	6721	6801						
O	6882	7309						
T	7347	7720						
O	7	200						
T	251	400						
T	427	606						
T	624	962						
T	974	1135						
T	1179	1440						
T	1456	1726						
T	1752	1944						
T	1961	2168						
T	2181	2528						
T	2563	2931						
T	2969	3237						
O	3269	3569						
T	3624	3832						
T	3851	3993						
T	4020	4285						
T	4299	4657						
T	4697	5022						
T	5033	5698						
T	5727	6060						
T	6075	6168						
T	6439	6549						
T	6573	6699						
T	6759	6939						
T	6961	7107						
T	7132	7488						
T	7518	7797						
T	7816	8097						
T	441	594						
T	797	1031						
T	1059	1335						
T	1388	1569						
T	1588	1781						
O	1828	2135						
O	2182	2398						
T	2448	2659						
T	2715	2881						
T	3425	3902						
T	3927	4112						
T	4888	5188						
T	5203	6093						
T	6105	6407						
T	6447	6661						
T	6683	6911						
T	6927	7213						
T	7252	7611						
O	7	386						
O	421	650						
T	693	878						
T	924	1063						
T	1250	1422						
T	1437	1635						
T	1645	1798						
O	1846	2078						
O	2121	2292						
O	3864	4051						
O	4617	4884						
O	4900	5036						
O	5083	5377						
O	5395	5562						
O	5573	5736						
O	5759	5923						
T	6354	6470						
O	6799	7096						
O	7105	7392						
T	7933	8071						
O	7	307						
T	390	505						
T	530	689						
T	701	931						
T	964	1240						
T	1258	1443						
T	1473	1695						
O	1749	1960						
O	1980	2173						
O	2185	2420						
O	2465	2525						
O	2572	2731						
O	2754	2838						
O	2932	3173						
O	3219	3377						
O	3395	3540						
O	3564	3823						
O	3872	4107						
O	4123	4335						
O	4351	4462						
O	5021	5051						
O	5087	5225						
O	5553	5644						
O	5681	5982						
O	6002	6196						
O	6792	7002						
O	7038	7128						
T	7174	7381						
T	7404	7555						
T	7569	7866						
O	7914	8092						
T	161	316						
O	357	557						
T	591	1054						
T	1092	1383						
T	1399	1696						
O	1768	1989						
O	2054	2227						
O	2246	2556						
O	2621	2759						
O	3152	3361						
O	3424	3496						
O	3540	3633						
O	3766	4315						
O	6729	6908						
O	6959	7261						
O	7278	7558						
O	7	280						
T	579	806						
T	864	1116						
T	1349	1546						
T	1593	1982						
O	2271	2436						
T	2465	2676						
T	3888	4105						
O	4140	4368						
O	4418	4605						
O	4624	4774						
T	4789	5239						
O	5437	5708						
O	5725	5888						
O	5899	6096						
T	6150	6273						
T	6296	6633						
T	6645	6795						
T	6823	6959						
T	7015	7282						
T	7305	7578						
T	7600	7884						
T	7	283						
T	312	387						
T	442	662						
T	975	1172						
O	1225	1393						
O	1498	1631						
O	1662	1695						
O	2321	2381						
O	2409	2546						
O	2585	2757						
O	2776	2945						
O	3013	3229						
O	3244	3689						
T	3717	3980						
T	4037	4273						
T	4302	4513						
T	4542	4670						
T	4717	4903						
T	4948	5403						
O	5680	6039						
T	6085	6315						
O	6388	6622						
O	6641	7235						
O	7287	7475						
O	7502	7695						
T	7710	7971						
O	7989	8091						
T	298	465						
T	938	1129						
O	1428	1641						
T	2129	2298						
O	3582	3705						
O	3727	3858						
T	3906	4055						
T	4081	4239						
T	5254	5467						
T	5480	5846						
O	5903	6314						
O	6341	7234						
T	7710	7896						
T	7923	8086						
O	7	305						
O	353	523						
O	568	780						
T	858	1106						
T	1337	1598						
O	1654	1831						
O	1857	2002						
O	2020	2192						
O	2210	2493						
O	2540	2767						
O	2808	3066						
T	3297	3563						
T	3582	3861						
T	3880	4002						
T	4051	4254						
T	4277	4458						
O	4482	4656						
O	4670	4878						
O	4922	5190						
T	5500	5707						
O	6169	6412						
O	6601	6912						
O	7801	7980						
O	8008	8098						
O	7	311						
T	334	509						
T	534	685						
O	738	941						
O	1008	1229						
T	1274	1648						
T	2453	2807						
O	2881	3095						
O	3136	3349						
O	3371	3533						
O	3555	3754						
O	3783	4042						
O	4265	4406						
O	4433	4741						
O	4760	4937						
T	4982	5163						
T	5213	5622						
T	5661	6045						
O	6424	6657						
O	6682	6997						
O	7029	7229						
O	7245	7356						
O	7365	7665						
O	7691	8020						
O	7	293						
T	319	450						
O	486	652						
O	707	942						
O	970	1155						
O	1175	1516						
O	1525	1680						
T	1729	2015						
T	2034	2414						
T	2810	3042						
O	3086	3325						
O	3360	3517						
O	3538	3694						
O	3723	3969						
O	3995	4161						
O	4208	4584						
O	4604	4902						
O	4928	5026						
O	5069	5237						
O	5286	5666						
O	5678	5841						
O	5870	5961						
O	5989	6841						
O	6849	7287						
O	7337	7522						
T	7547	7777						
T	7814	8064						
O	7	269						
T	297	474						
T	558	780						
T	1003	1175						
O	1214	1537						
O	1558	1766						
O	2594	2720						
T	2917	3214						
T	3231	3818						
O	4270	4557						
O	4578	4715						
O	4759	4950						
O	4982	5441						
O	5456	5853						
O	5867	5954						
O	5999	6268						
O	6287	6373						
O	6524	6774						
O	7145	7299						
O	7323	7691						
O	7717	7758						
T	7784	8097						
O	7	254						
T	299	503						
T	521	1079						
T	1129	1273						
T	1295	1586						
T	1598	1818						
T	1868	2169						
T	2192	2512						
T	2645	2691						
T	2700	2883						
T	2908	3087						
T	3115	3354						
T	3364	3440						
T	3479	3559						
T	3566	3836						
T	3899	4166						
T	4174	4341						
T	4364	4992						
T	5004	5340						
T	5360	5536						
T	5555	5827						
T	5844	6000						
O	6510	6604						
O	6627	7080						
O	7098	7382						
O	7402	7774						
T	1172	1389						
T	1410	1763						
O	1821	2025						
T	2047	2382						
O	3486	3752						
O	3792	4046						
O	4066	4241						
O	4292	4569						
O	4633	4886						
O	4901	4954						
O	4985	5327						
O	7889	8103						
T	272	397						
T	437	524						
T	613	671						
T	688	843						
T	867	981						
O	1018	1150						
O	1168	1373						
O	1393	1650						
T	1689	1877						
T	1957	2174						
O	2201	2437						
O	2448	2904						
T	2952	3147						
T	3171	3378						
T	3394	3507						
O	3544	3685						
O	3709	3882						
O	3894	4045						
T	4088	4267						
T	4289	4598						
T	4661	4841						
T	4862	5167						
T	5189	5377						
T	5416	5646						
T	5654	5911						
O	5948	6145						
T	6172	6357						
T	6407	6695						
T	6707	6895						
T	6916	7161						
O	7201	7367						
O	7382	7501						
O	7553	7667						
T	7704	7918						
T	7939	8067						
T	7	272						
T	310	396						
T	418	662						
T	701	942						
O	999	1163						
O	1172	1361						
T	1406	1637						
T	1659	1841						
O	1904	2206						
T	2250	2409						
T	2434	2613						
T	2632	2768						
T	2782	3319						
T	3414	3681						
T	3707	3864						
T	3936	4119						
T	4141	4385						
T	4395	4884						
T	4997	5193						
O	6873	7120						
O	7148	7355						
O	7381	7539						
O	7562	7863						
T	7919	8086						
T	7	301						
T	368	480						
T	524	758						
T	1690	1827						
T	1850	2256						
T	2272	2583						
T	2594	2737						
T	2757	3326						
T	3333	3730						
T	3757	4144						
T	4194	4391						
T	4415	4571						
T	4590	4811						
O	4856	5029						
O	5051	5118						
O	5141	5518						
O	5538	5796						
T	5844	6026						
O	6080	6348						
O	6579	6750						
O	6777	7057						
O	7074	7228						
O	7271	7470						
O	7482	7745						
T	7	278						
T	305	442						
O	502	721						
T	742	907						
T	955	1142						
T	1168	1328						
T	1340	1596						
T	1608	2044						
T	2082	2264						
O	2286	2717						
T	2749	3024						
T	3050	3202						
T	3256	3497						
O	3520	3748						
T	3786	4320						
T	5168	5379						
T	5403	5728						
T	5739	6067						
T	6076	6280						
T	6290	6929						
T	7322	7473						
T	7482	7990						
O	117	291						
T	315	387						
T	410	564						
T	606	772						
T	796	1079						
T	1118	1228						
T	1261	1644						
O	1713	1795						
T	1831	1973						
T	1988	2164						
O	2227	2421						
O	2447	2798						
O	2852	3150						
O	3197	3389						
T	3434	3679						
T	3693	3743						
T	3767	3987						
T	3999	4214						
T	4230	4361						
T	4410	4758						
O	4793	5047						
O	5071	5314						
O	5338	5544						
O	5600	5917						
O	5945	6125						
O	6150	6324						
O	6743	7002						
O	7029	7600						
O	7959	8102						
O	7	306						
O	332	458						
T	485	700						
O	744	931						
O	954	1260						
T	1300	1504						
T	1518	1771						
T	1781	2007						
O	2051	2259						
O	2729	2929						
T	2965	3178						
O	3231	3394						
T	3421	3574						
T	3589	3796						
T	3823	4102						
T	4121	4407						
T	4422	4712						
O	4750	4992						
T	5034	5258						
T	5273	5418						
O	5459	5645						
T	5685	5840						
T	5851	6023						
O	6067	6249						
O	6267	6538						
T	6820	6991						
T	7000	7347						
T	7363	7675						
T	7695	8094						
O	7	210						
O	235	359						
T	401	576						
T	620	833						
O	881	1122						
T	1168	1467						
T	1500	1667						
T	1695	1856						
T	1892	2246						
O	2303	2459						
T	2500	2688						
T	2711	3016						
T	3026	3488						
T	3507	3808						
O	3846	4085						
O	4130	4243						
O	4270	4572						
O	4614	4913						
T	4985	5165						
O	5324	5426						
O	5433	5518						
O	5536	5701						
O	5708	5902						
O	5951	6178						
O	6203	6296						
O	6865	7135						
O	7162	7698						
T	7742	8002						
T	8013	8090						
O	7	263						
O	302	466						
O	909	1161						
O	1216	1382						
T	1410	1648						
T	1670	1941						
O	1992	2228						
O	2278	2507						
O	4057	4590						
O	4604	5086						
T	5140	5314						
T	5335	5514						
T	5525	5818						
T	5868	6083						
T	6095	6657						
T	6692	6887						
T	6904	7055						
T	7068	7273						
T	7282	7737						
T	7748	7996						
T	7	71						
T	530	807						
T	868	1395						
O	1434	1536						
O	1733	1878						
T	1940	2089						
T	2112	2276						
T	2353	2683						
O	2751	2999						
O	3379	3537						
O	3570	3792						
O	3849	4115						
O	4142	4315						
O	4343	4702						
O	4752	4990						
O	5003	5213						
T	5267	5472						
T	5495	5624						
T	5680	5937						
T	5953	6164						
T	6177	6393						
T	6435	6897						
T	6916	7408						
T	7428	7979						
O	437	567						
T	601	812						
T	1208	1355						
T	1378	1838						
T	1860	2021						
T	2040	2412						
T	2440	2771						
O	2827	3095						
O	3150	3306						
T	3329	3586						
T	3603	3709						
T	3733	3889						
T	3934	4167						
T	4188	4298						
T	4376	4483						
O	4741	4969						
T	5249	5988						
T	7182	7370						
T	7391	7962						
O	8017	8100						
T	354	609						
T	630	998						
T	1014	1201						
T	1265	1443						
T	1468	1741						
T	1781	2122						
T	2146	2221						
T	2276	2553						
T	2574	2754						
O	2814	3018						
T	3061	3310						
O	3359	3558						
O	3922	4075						
O	4099	5123						
T	5207	5547						
T	5564	5961						
T	5980	6356						
T	6371	6480						
O	6536	6698						
O	7167	7376						
T	310	505						
T	657	869						
T	893	1214						
T	1225	1442						
T	1470	1780						
T	1791	2232						
T	2247	2719						
T	2782	2969						
T	2986	3216						
T	3233	3294						
O	3345	3539						
O	3553	3712						
O	3754	3976						
O	4438	4641						
O	4663	4861						
T	4886	5159						
O	5694	5793						
O	6040	6372						
O	6396	6580						
O	6604	7209						
O	7431	7770						
O	7792	8091						
O	7	242						
T	279	347						
T	374	450						
T	666	807						
T	823	1162						
O	1217	1451						
O	1492	1652						
T	1700	1781						
O	2001	2350						
O	2381	2834						
T	2877	3044						
T	3091	3360						
O	3757	3965						
O	4012	4201						
O	4223	4408						
O	4459	4726						
O	4746	5065						
O	5083	5541						
O	5568	5796						
O	5832	6032						
O	6069	6313						
T	6339	7043						
T	7355	7433						
T	7460	7517						
O	7559	7776						
O	7796	8095						
O	7	236						
T	407	585						
T	606	735						
T	949	1176						
T	1219	1359						
T	1386	1749						
T	1775	1941						
T	1954	2198						
T	2230	2704						
T	2713	2911						
T	2934	3233						
T	3260	3392						
O	3435	3632						
O	3649	3816						
O	3855	4049						
T	4104	4307						
T	4367	4556						
T	4596	4864						
T	4894	5067						
T	5094	5398						
O	5638	5766						
O	5786	6110						
T	6150	6451						
T	6667	6844						
T	6859	7014						
T	7078	7370						
T	7388	7551						
O	7	234						
O	282	418						
T	440	753						
T	769	805						
T	853	1094						
T	1111	1483						
T	1504	1686						
T	1704	1973						
T	1987	2381						
T	2406	2830						
T	2873	3011						
T	3030	3327						
T	3377	3535						
T	3555	3689						
T	3740	3994						
O	4048	4446						
T	4462	5777						
T	5826	5920						
O	5963	6113						
O	6136	6406						
T	6429	6478						
T	6495	6850						
O	6895	7160						
O	7418	7457						
O	7481	7508						
T	7763	7943						
T	7960	8100						
T	7	362						
T	384	558						
T	603	803						
T	821	1001						
T	1023	1087						
T	1118	1168						
T	1277	1345						
T	1362	1389						
T	1704	1902						
T	1925	2139						
T	2157	2276						
T	2564	2671						
T	2693	2897						
T	2915	3091						
T	3146	3722						
T	3732	3965						
T	3980	4312						
T	4367	4619						
T	4637	4949						
T	4974	5228						
T	5235	5726						
T	5735	5879						
T	5898	6313						
O	6352	6543						
T	6590	6739						
O	6773	7303						
O	7337	7628						
T	7687	7910						
T	7925	8100						
T	7	292						
T	318	439						
T	636	711						
T	734	861						
T	873	1341						
T	1352	1671						
T	1691	1871						
T	1892	1993						
T	2210	2387						
T	2402	2670						
T	2680	2835						
T	2890	3092						
T	3116	3292						
T	3333	3507						
T	3550	3714						
T	3735	3945						
T	3958	4246						
T	4587	5126						
O	7	202						
T	294	416						
T	442	647						
T	673	855						
T	872	940						
T	996	1271						
T	1311	1525						
T	1590	1899						
T	1923	2221						
T	2247	2477						
T	2500	2689						
T	2712	2889						
T	2952	3211						
T	3233	3463						
T	3489	3681						
T	3704	3889						
T	3925	4107						
T	4148	4197						
T	4239	4333						
T	4992	5147						
T	5169	5444						
O	5491	5620						
T	5670	5828						
T	5879	6150						
T	6171	6520						
O	6780	6951						
O	7005	7237						
O	7263	7445						
T	7	221						
T	248	384						
T	403	533						
T	568	712						
O	761	1027						
O	1045	1362						
O	1387	1534						
O	1558	1772						
O	1798	2230						
O	2261	2615						
O	2631	3258						
O	3292	3600						
T	3642	4006						
T	4027	4189						
T	4230	4573						
T	4591	4827						
O	5251	5536						
O	5548	5718						
O	5731	6042						
O	6052	6707						
O	6742	7065						
O	7090	7416						
O	7434	7842						
O	7856	8039						
T	7	182						
T	225	391						
T	406	604						
O	650	902						
T	936	1137						
O	1179	1426						
O	1436	1556						
O	1586	1829						
O	1861	2070						
O	2090	2718						
O	2785	2977						
O	2986	3082						
T	3106	3418						
T	3439	3609						
T	3636	3885						
O	4329	4804						
O	4822	5045						
T	5100	5232						
O	5260	5457						
O	5477	5615						
O	5653	6005						
O	6039	6212						
O	6224	6769						
T	6795	6983						
T	6998	7101						
T	7125	7346						
T	7367	7577						
T	7609	7848						
T	7869	8104						
O	7	254						
O	285	398						
O	441	626						
T	892	1290						
O	1340	1490						
O	1517	1697						
O	1720	1925						
T	1967	2193						
O	3164	3330						
T	3369	3501						
T	3526	3890						
T	3914	4101						
T	4116	4520						
T	4543	4780						
T	4791	5752						
T	5778	5964						
T	5978	6461						
T	6480	7000						
T	7021	7282						
T	7295	7637						
O	7676	8058						
O	7	49						
O	61	258						
T	430	561						
T	581	724						
T	736	900						
T	913	1136						
T	1198	1423						
T	1462	1592						
T	1639	1937						
T	1950	2210						
T	2226	2480						
T	2506	2836						
T	2853	3005						
T	3032	3248						
T	3262	3379						
O	3423	3790						
O	3804	3942						
O	3968	4139						
O	4159	4330						
O	4385	4552						
T	4595	4766						
T	4785	4922						
T	4987	5305						
T	5328	5578						
T	5628	5874						
T	5896	6151						
T	6170	6686						
T	6702	6930						
T	6942	7110						
T	7137	7475						
O	7613	7784						
O	7801	8025						
O	8033	8091						
T	7	323						
O	371	464						
O	498	700						
O	715	970						
O	983	1105						
T	1407	1472						
T	1691	1839						
O	2968	3112						
O	3134	3420						
O	3437	3631						
O	4033	4225						
O	4270	4427						
O	4453	4797						
O	4837	5106						
O	5118	5268						
T	5327	5606						
T	5629	6144						
T	6173	6637						
T	6647	6899						
O	7195	7363						
O	246	392						
T	430	673						
T	702	897						
T	917	1066						
T	1083	1268						
T	1289	1433						
T	1751	1911						
T	1951	2177						
T	2196	2793						
T	2824	3051						
T	3085	3449						
T	3861	4058						
T	4079	4391						
T	4668	5000						
T	5081	5486						
O	5549	5694						
O	5716	5825						
O	5850	6105						
O	6130	6582						
O	6628	6875						
O	6905	7179						
T	7477	7566						
T	7614	7867						
T	7898	8052						
O	7	171						
O	194	328						
T	381	535						
T	553	883						
T	931	1110						
T	1129	1209						
T	2254	2478						
T	2488	3064						
T	3110	3502						
T	3657	3919						
T	3934	4431						
T	4445	4666						
O	4727	4892						
O	4914	5015						
O	5461	5710						
T	5761	6012						
O	6873	7203						
T	7244	7465						
T	7476	7700						
T	7719	7892						
T	7907	8093						
T	7	46						
T	71	288						
T	330	491						
T	532	662						
T	696	959						
T	985	1132						
T	1168	1596						
T	1651	2019						
O	2586	2838						
O	2875	2978						
T	3024	3241						
T	3300	3538						
T	3577	3825						
T	3874	4191						
T	4211	4455						
T	4499	4965						
T	5004	5365						
T	5382	5716						
T	5732	6034						
T	6054	6264						
T	6278	6384						
T	6419	6835						
T	6891	7103						
T	7133	7497						
T	7545	7877						
T	7891	8089						
O	159	264						
T	313	465						
T	489	608						
T	633	1031						
T	1039	1273						
T	1305	1595						
T	1602	3328						
T	3342	3558						
T	3601	3800						
T	3818	4032						
T	4053	4349						
T	4379	4562						
T	4586	4717						
T	4781	5037						
T	5057	5378						
T	5413	5692						
T	5703	5943						
T	5962	6304						
T	6348	6714						
T	6728	6878						
T	6898	7381						
T	7416	7703						
T	7712	8102						
T	7	586						
T	620	879						
T	893	1045						
T	1061	1403						
T	1413	1686						
T	1742	1920						
T	1948	2111						
T	2134	2531						
T	2558	2997						
T	3017	3178						
T	3203	3473						
T	3778	3979						
T	3990	4204						
T	4223	4522						
T	4543	4854						
T	4862	5178						
T	5198	5393						
T	5407	5633						
T	5655	5869						
T	5920	6219						
T	6236	6481						
T	6500	6672						
T	6698	6926						
T	6936	7235						
T	7247	7590						
T	7631	7784						
T	7799	8076						
O	7	60						
O	70	495						
O	516	849						
O	889	1194						
T	1248	1441						
T	1492	1625						
T	1647	1917						
T	1930	2262						
T	2294	2426						
T	2454	2794						
T	2801	3039						
O	3087	3512						
O	5922	6605						
O	6629	6897						
O	6925	7107						
O	7127	7438						
O	7450	7718						
O	7732	7882						
O	7	446						
T	470	610						
T	634	799						
T	821	1098						
T	1113	1346						
T	1373	1574						
T	1591	1784						
T	1800	1956						
T	1982	2235						
T	2245	2473						
O	2525	2748						
O	2793	2927						
O	2952	3547						
O	3571	4165						
O	4214	4372						
O	4388	5523						
O	5575	5871						
O	5885	6099						
O	6645	6818						
O	6858	7039						
O	7062	7217						
O	7228	7600						
O	7629	7976						
O	8014	8091						
T	7	317						
T	344	504						
T	527	754						
T	770	1002						
T	1047	1342						
T	1365	1442						
O	1494	2068						
T	2109	2313						
T	2337	2670						
T	2678	2791						
O	2844	3131						
O	3152	3567						
O	3612	3787						
O	3806	4336						
O	4362	4688						
O	4711	4977						
O	4999	5320						
O	5348	5646						
O	5681	6025						
O	6049	6527						
O	6587	6944						
O	6966	7354						
O	8044	8105						
O	12	419						
T	445	638						
T	653	879						
T	979	2354						
T	2366	2671						
O	2730	2869						
T	2913	3087						
T	3105	3269						
O	3546	3816						
T	3888	4148						
T	4165	4403						
T	4589	4776						
T	4802	5079						
T	5101	5213						
T	5268	5626						
T	5850	6327						
T	7000	7143						
T	7176	7636						
T	7662	7889						
T	7911	8091						
T	7	277						
T	304	538						
T	564	836						
T	861	1061						
T	1102	1334						
T	1374	1488						
O	1712	2025						
O	2076	2347						
T	2627	2822						
T	2853	3152						
O	3903	4133						
O	4149	4318						
O	4325	4640						
O	4660	4891						
O	4925	5094						
O	5126	5479						
O	5536	5796						
O	5820	6147						
O	6643	6880						
O	6915	7128						
O	7198	7367						
O	7379	7552						
O	7586	7777						
O	7812	8086						
T	363	601						
T	615	718						
T	746	1033						
T	1042	1636						
T	1657	1759						
T	1801	1988						
T	2009	2417						
T	2425	2714						
T	3567	3850						
T	3871	4327						
T	4381	4534						
T	4554	4716						
O	4759	5051						
O	5063	5294						
T	6067	6423						
O	7	290						
T	322	565						
T	591	891						
T	915	1105						
T	1136	1517						
T	1541	1732						
T	1760	2089						
T	2110	2364						
O	2403	2617						
O	2632	2744						
T	3423	3718						
T	4197	4399						
O	4424	4727						
O	4739	4883						
O	4960	5139						
O	5158	5492						
O	5506	5624						
O	5692	6021						
O	6047	6407						
O	6438	6694						
O	6718	6740						
O	6788	6932						
O	7003	7338						
O	7385	7631						
O	7657	7864						
O	7900	8094						
O	7	63						
O	87	282						
T	333	459						
T	486	625						
O	653	929						
O	952	1377						
O	1395	1639						
O	1659	1965						
O	1981	2312						
T	2374	2484						
T	2534	2836						
T	2859	3006						
T	3074	3281						
T	3306	3569						
T	3580	3926						
T	3938	4060						
O	4107	4336						
O	4364	4568						
O	4621	4992						
T	5049	5234						
T	5250	5744						
T	5761	5975						
T	6048	6166						
O	6288	6501						
O	6546	6718						
O	7838	8090						
O	7	114						
T	343	837						
T	862	1229						
O	1717	2014						
O	2065	2382						
O	2407	2548						
O	2598	2838						
O	2849	3010						
T	4148	4471						
T	4498	4963						
O	5017	5242						
O	5276	5473						
O	5486	5676						
O	5686	6076						
O	6084	6273						
O	6305	6480						
O	6500	6944						
O	6952	7326						
O	7333	7471						
O	7483	7687						
O	7712	7957						
O	7983	8090						
O	7	274						
O	286	324						
O	343	681						
O	691	905						
T	919	1388						
T	1404	1856						
T	1872	2283						
O	2326	2632						
T	2680	3008						
T	3034	3159						
O	3200	3384						
O	3416	3629						
T	3653	3860						
O	4796	4965						
O	4990	5222						
O	5241	5559						
O	6628	6920						
O	6945	7120						
O	7159	7412						
O	7450	7906						
O	7933	8102						
O	7	269						
T	397	638						
T	645	960						
T	977	1316						
T	1336	1695						
T	1713	2093						
T	2117	2633						
T	2656	3325						
T	3384	3553						
T	3579	3709						
T	3729	4151						
O	4942	5182						
O	5212	5478						
O	5510	5743						
O	5765	5917						
O	5931	6262						
T	6334	6564						
T	6921	7152						
T	7161	7357						
T	7414	7667						
T	7683	7943						
T	7967	8097						
T	375	773						
T	792	1235						
T	1247	1415						
T	1439	2015						
O	3479	3744						
T	4224	4442						
T	4449	4650						
O	4670	5029						
O	5066	5328						
O	5357	5658						
O	5681	5936						
O	5972	6188						
O	6201	6446						
O	6478	6670						
O	6763	6924						
O	7072	7147						
T	162	281						
T	334	534						
T	558	708						
T	730	887						
T	907	1076						
T	1090	1266						
T	1290	1531						
T	1554	1793						
T	1812	1925						
T	1958	2105						
T	2126	2242						
O	2270	2413						
O	2444	2706						
O	2731	2857						
T	2908	3308						
T	3332	3667						
T	3682	3998						
T	4056	4270						
T	4283	4730						
T	4750	4945						
T	4969	5091						
T	5121	5279						
T	5295	5522						
T	5532	5998						
T	6033	6466						
T	6474	6916						
T	6939	7100						
T	7110	7187						
O	7229	7602						
O	7672	7889						
O	7906	8093						
T	7	261						
T	277	461						
T	489	724						
O	750	1228						
T	1253	1443						
T	1482	1661						
T	1686	1930						
T	1977	2278						
T	2304	2531						
O	2572	3118						
T	3160	3511						
T	3548	3755						
T	3806	3961						
T	3987	4232						
O	4285	4550						
O	4592	4859						
O	4880	5004						
T	5074	5238						
T	5264	5428						
T	5449	5469						
T	5490	5753						
O	5817	6092						
O	6126	6256						
T	6300	6692						
T	7063	7324						
O	7376	7723						
O	7749	8028						
O	8051	8093						
O	95	151						
T	452	633						
T	648	867						
T	893	1087						
T	1112	1221						
T	1254	1446						
T	1466	1615						
T	1640	1815						
T	1849	2187						
T	2208	2464						
T	2488	2741						
T	2766	2862						
T	2897	3181						
T	3197	3499						
T	3516	3835						
T	3844	4140						
T	4174	4358						
T	4381	4565						
T	4585	4961						
T	4995	5236						
T	5257	5500						
O	5532	5735						
O	5776	6068						
O	6084	6254						
O	6263	6479						
O	6502	6924						
O	6943	7186						
O	7194	7587						
O	7604	7905						
O	7954	8093						
T	7	264						
T	292	493						
O	519	917						
O	943	1435						
T	1487	1642						
T	1660	2121						
T	2130	2390						
T	2401	2679						
T	3030	3198						
O	3225	3456						
O	3476	3599						
O	3653	4071						
T	4080	4214						
O	7717	8041						
O	7	303						
T	340	458						
T	482	715						
T	733	1036						
T	1058	1324						
T	1366	1647						
T	1667	1982						
T	2005	2662						
T	2683	2943						
T	2968	3162						
T	3193	3423						
T	3445	3595						
T	3621	3886						
T	4360	4673						
T	4699	5129						
T	5154	5420						
T	5443	5786						
T	5812	6258						
O	6322	6493						
T	6739	6935						
O	6959	7311						
O	7334	7459						
O	7	237						
T	265	425						
O	453	560						
O	587	937						
O	959	1127						
O	1140	1509						
O	1523	1786						
O	1793	2008						
O	2042	2417						
O	2425	2557						
T	2606	2859						
T	2918	3319						
T	3339	3814						
T	3833	4273						
T	4286	4536						
T	4546	4748						
T	4764	5063						
T	5080	5278						
O	5329	5580						
T	5623	5754						
T	5772	6031						
T	6055	6304						
T	6327	6559						
T	6569	6783						
T	6805	7121						
T	7146	7395						
T	7410	7654						
O	7708	7919						
O	7938	8079						
O	7	191						
T	224	469						
T	494	674						
O	713	896						
O	919	1235						
T	1264	1485						
T	1514	1675						
T	1704	2061						
T	2083	2304						
T	2331	2483						
T	2506	2626						
T	2856	3029						
T	3051	3433						
O	3494	3720						
O	3765	4013						
O	4052	4533						
O	4553	5112						
O	5128	5304						
O	5366	5531						
O	5554	5718						
O	5767	6192						
O	6220	6460						
O	6483	6656						
O	6671	6847						
O	6916	7104						
O	7154	7435						
O	7476	7649						
O	7699	8096						
O	7	277						
O	284	404						
O	428	567						
O	841	1618						
O	1635	1907						
O	1917	2396						
O	2410	2666						
O	2727	2924						
T	2945	3286						
T	3305	3446						
T	3466	4262						
T	4703	4945						
T	6124	6477						
O	6501	6779						
O	6805	6993						
O	7032	7385						
O	7401	7556						
O	7582	7796						
O	7827	8076						
T	7	289						
T	477	607						
T	630	1011						
T	1025	1407						
T	1432	1843						
T	1916	2131						
T	2157	2387						
T	2404	2837						
T	2860	3025						
T	3060	3474						
T	3523	3795						
T	3816	4092						
T	4114	4373						
T	4417	4739						
T	4759	5005						
T	5018	5213						
T	5223	5525						
T	5541	5825						
T	5839	6069						
T	6086	6468						
O	6500	6668						
O	6687	7267						
O	7293	7423						
O	7443	7672						
T	7970	8108						
T	279	509						
T	535	686						
T	714	873						
T	931	1129						
T	1152	1332						
T	1349	1605						
T	1623	1880						
O	1905	2073						
T	2296	2576						
T	2597	2783						
T	3084	3218						
T	3250	3463						
T	3485	3589						
T	3608	3939						
O	3988	4173						
T	4448	4724						
T	4788	5045						
O	5104	5293						
O	5320	5498						
O	5562	5759						
O	5796	5953						
O	5974	6174						
O	6187	6320						
O	6396	6745						
O	7603	7877						
T	7	311						
T	369	519						
T	542	844						
T	869	1057						
T	1393	1551						
T	1568	1994						
T	2015	2362						
T	2389	2817						
T	2834	3241						
T	3257	3610						
T	3635	3974						
T	3989	4299						
T	4324	4640						
T	4669	4932						
T	4953	5157						
T	5173	5367						
T	5440	5586						
T	5612	5803						
T	5831	6065						
T	6095	6365						
T	6391	6449						
T	6488	6714						
O	6787	7005						
T	7213	7763						
O	7930	8096						
O	7	290						
O	2999	3149						
O	3169	3652						
T	3701	3851						
T	3875	4121						
T	4139	4270						
O	4879	5207						
O	5227	5388						
O	5399	5750						
O	5779	6038						
O	6057	6169						
T	6376	6485						
O	6545	6770						
O	6791	6938						
O	6994	7368						
O	7419	7572						
O	7592	7853						
O	7	283						
O	309	443						
T	455	618						
T	635	894						
T	911	1304						
T	1322	1820						
T	1830	2261						
T	2271	2472						
T	2502	3268						
T	3278	3738						
T	3764	4425						
T	4436	4595						
T	4608	4699						
T	4740	4954						
T	4985	5235						
O	5504	5737						
O	5748	6106						
T	6165	6363						
T	6382	6615						
O	6676	6917						
O	6939	7174						
O	7196	7392						
O	7411	7563						
O	7571	7815						
O	7832	7999						
O	8041	8100						
O	7	206						
T	385	630						
T	667	820						
T	867	1076						
T	1100	1315						
T	1366	1734						
T	1757	1824						
T	2108	2394						
T	2854	3202						
T	3217	3499						
O	3550	3752						
T	3807	4064						
T	4094	4395						
T	4404	4649						
T	4660	4952						
T	4995	5303						
T	5326	5548						
T	5572	5758						
T	5781	6201						
T	6212	6640						
T	6655	7526						
O	7585	7827						
O	7870	8087						
O	7	288						
T	325	536						
T	990	1169						
T	1204	1575						
T	1605	1875						
T	1901	2170						
T	2194	2623						
T	2656	3052						
T	3072	3232						
T	3272	3483						
T	3491	3814						
T	3835	4052						
T	4076	4413						
T	4424	4571						
T	4635	5635						
T	5660	6053						
T	6072	7638						
T	7649	8096						
T	7	402						
O	439	637						
T	709	1045						
T	1071	1590						
T	1616	1992						
T	2016	2253						
T	2276	2618						
T	2643	2774						
T	2972	3192						
T	3213	3475						
T	3493	3681						
T	3701	3924						
T	3963	4234						
T	4255	4689						
T	4696	4984						
T	5012	5232						
T	5251	5436						
T	5666	6147						
T	6168	6423						
T	6715	7086						
T	7110	7348						
T	7410	7575						
T	7612	7891						
T	7908	8028						
T	8057	8103						
T	7	232						
T	253	342						
T	380	613						
T	639	795						
T	829	1043						
T	1069	1308						
T	1334	1523						
T	1543	1770						
T	1814	2158						
T	2177	2634						
T	2659	2884						
T	2907	3079						
T	3136	3293						
T	3313	3566						
T	3584	3870						
T	3879	3984						
T	4012	4318						
T	4332	4494						
T	4550	4745						
T	4788	4984						
T	5004	5170						
T	5212	5476						
T	5485	5953						
T	5984	6186						
T	6196	6669						
T	7885	8004						
O	7	272						
T	318	541						
T	551	715						
T	756	994						
T	1016	1342						
T	1366	1577						
T	1599	1942						
T	1968	2162						
T	2184	2447						
T	2484	2722						
O	2784	2977						
O	2998	3132						
T	3176	3520						
T	3545	4612						
T	4635	4803						
T	4852	4981						
T	5009	5355						
T	5386	5572						
T	5595	5935						
T	5960	6293						
T	6335	6507						
T	6569	7035						
O	7089	7370						
O	7414	7550						
T	7588	7847						
T	7867	8036						
T	7	242						
T	265	430						
T	451	630						
T	643	996						
T	1021	1306						
T	1329	1462						
T	1503	1705						
T	1726	1896						
T	1919	2285						
T	2310	2587						
T	2610	2863						
O	3321	3459						
O	3488	3639						
O	3663	3875						
O	3910	4041						
O	4474	4722						
O	4736	4976						
O	5001	5298						
O	5329	5603						
O	5630	5877						
O	5905	6391						
O	6399	6813						
T	6884	7137						
T	7154	7350						
T	7358	7491						
T	7523	7668						
T	7702	8097						
T	7	262						
T	302	470						
T	484	734						
T	752	997						
T	1026	1217						
T	1238	1278						
T	2084	2412						
T	2437	2580						
T	2610	2916						
T	2937	3087						
T	3111	3166						
O	3210	3388						
O	3400	3602						
O	3623	3895						
O	3918	4286						
O	4321	4601						
O	4626	4845						
O	4869	5155						
T	5235	5504						
T	5541	5706						
T	5721	5928						
T	5945	6211						
T	6264	6439						
T	6460	6783						
T	6801	6960						
T	6986	7150						
T	7365	7548						
T	7570	7818						
T	7838	8088						
O	7	498						
T	552	1274						
T	1281	1606						
O	1632	1905						
T	1964	2191						
T	2206	2623						
O	2665	2987						
T	3218	3521						
T	3541	3704						
T	3721	3939						
T	3960	4230						
T	4252	4543						
O	4622	4771						
O	4805	5099						
O	5162	5434						
O	5459	5663						
T	5712	5854						
T	5868	6313						
T	6340	6617						
T	6643	6827						
T	6843	7222						
O	7259	7466						
T	7502	7806						
T	7813	8097						
O	7	278						
O	322	531						
T	556	725						
T	745	939						
T	961	1354						
T	1375	1689						
T	1707	1842						
T	1873	2049						
T	2059	2284						
T	2307	2546						
T	2577	2870						
T	2892	3099						
T	3136	3537						
T	3548	3782						
T	3802	4089						
T	4112	4368						
T	4392	4519						
T	4854	5134						
T	5165	5411						
T	5438	5781						
T	5805	6057						
T	6080	6261						
T	6299	6593						
T	6619	6666						
T	6691	6876						
T	6902	7210						
T	7266	7510						
O	7548	7800						
T	7836	8102						
O	187	361						
T	669	939						
T	964	1295						
T	1323	1499						
T	1516	1675						
T	1723	1900						
O	1930	2106						
T	2160	2522						
T	2545	2809						
O	2873	3166						
O	3188	3381						
O	3395	3570						
O	3580	3819						
O	3846	4098						
O	4125	4215						
O	4263	4506						
T	4586	4720						
T	4915	5237						
T	5257	5578						
T	5616	6106						
T	6131	6697						
T	6723	7318						
T	7344	7581						
T	7606	7749						
O	7826	8100						
O	7	186						
T	213	363						
T	385	593						
T	618	939						
T	961	1167						
O	1218	1417						
T	1442	1646						
T	1672	1949						
T	1971	2020						
T	2056	2272						
T	2294	2510						
T	2525	2938						
T	3265	3705						
O	3758	3931						
O	3952	4099						
O	4161	4319						
O	4367	4456						
O	4477	4692						
O	4700	5124						
O	5148	5410						
O	5439	5620						
O	5674	6103						
O	6129	6235						
O	6294	6519						
O	7432	7837						
T	7867	8093						
O	7	351						
O	364	463						
T	513	697						
T	922	1149						
T	1431	1698						
T	1970	2110						
T	2138	2342						
T	2352	2467						
T	2496	2674						
T	2697	2928						
T	3223	3525						
T	3532	4304						
O	4908	5254						
O	5262	5586						
O	5624	5807						
O	5832	5998						
O	6024	6322						
O	6349	6621						
O	6647	7136						
O	7150	7312						
O	7372	7535						
T	7786	8100						
T	7	397						
T	431	727						
T	752	963						
T	1005	1241						
T	1265	1443						
T	1472	1798						
T	1824	1973						
O	2030	2240						
O	2264	2804						
O	3151	3440						
O	3510	3725						
O	3734	4069						
O	5616	5793						
O	5839	5876						
O	5901	5954						
O	5999	6020						
T	6028	6152						
T	6208	6402						
T	6441	6689						
T	6741	7063						
T	7108	7294						
T	7335	7520						
T	7546	7872						
T	7905	8100						
O	7	269						
T	306	448						
T	472	808						
T	874	1081						
T	1093	1235						
T	1258	1540						
T	1565	1729						
T	1746	1999						
T	2022	2288						
T	2311	2688						
T	2706	3111						
T	3132	3343						
T	3380	4161						
T	4617	4961						
O	4980	5229						
T	5799	6064						
T	6090	6312						
T	6330	6535						
T	6546	6753						
T	6776	7015						
T	7034	7386						
T	7414	7710						
T	7777	7947						
T	7979	8091						
T	94	256						
T	298	468						
T	535	743						
T	763	1273						
T	1689	2015						
O	2075	2505						
T	2568	2763						
T	2798	3206						
T	3786	4057						
T	4078	4250						
T	4305	4458						
O	4485	4634						
T	4655	4701						
T	4914	5453						
T	5498	6147						
O	6209	6555						
O	7	222						
O	1305	1701						
O	3718	4590						
T	5571	5860						
O	5929	6577						
T	370	528						
T	550	887						
T	1057	1396						
T	1424	1762						
T	1814	2121						
O	2171	2456						
O	2499	3025						
T	3245	3396						
T	3420	3902						
T	3943	4402						
O	4463	4731						
O	4760	5128						
O	5309	5714						
O	5762	6029						
O	6059	6330						
T	6378	6601						
T	6626	7014						
T	7041	7642						
O	7714	8051						
T	7	293						
T	331	440						
T	485	879						
T	898	1337						
T	1345	1521						
T	1544	2160						
T	2179	2587						
T	2604	2692						
T	2903	3135						
O	3172	3529						
O	3577	3797						
O	3842	4250						
O	4337	4481						
O	4653	4915						
O	4962	5499						
O	5543	5788						
T	5828	5928						
T	6162	6721						
T	6772	6907						
O	7171	7363						
T	7391	7720						
O	7765	8100						
O	7	342						
T	872	1409						
T	1794	2018						
T	2078	2458						
T	2685	2860						
T	2881	3040						
T	3111	3411						
T	3433	3708						
T	4239	4772						
O	4997	5394						
O	5418	5987						
T	6216	6427						
O	6454	6627						
O	6653	7014						
O	7032	7309						
O	7334	7576						
O	7596	7794						
O	8041	8097						
T	7	511						
T	569	817						
T	838	1112						
T	1135	1516						
T	1534	1881						
T	1896	1957						
T	2028	2230						
T	2273	2698						
T	2739	2766						
T	2816	3029						
T	3074	3441						
T	3465	3638						
O	3704	4042						
O	4072	4482						
O	4551	4832						
O	4872	5077						
O	5149	5420						
O	5445	5956						
O	6004	6358						
O	6968	7080						
T	7111	8091						
T	360	483						
T	943	1270						
O	1606	1943						
O	1992	2257						
T	2313	2680						
T	3989	4245						
O	4298	4476						
O	4503	4964						
T	5209	5623						
O	5938	6402						
O	6939	7495						
O	7515	7937						
O	7	345						
T	377	541						
T	579	949						
O	978	1318						
T	1343	1759						
T	1778	2139						
O	2201	2619						
O	2678	2984						
O	3022	3309						
O	3332	3700						
O	3756	3998						
O	4026	4285						
O	4319	4538						
O	4580	4807						
T	4858	5262						
T	5309	6020						
T	6061	6182						
T	6204	6431						
O	6453	6792						
T	6816	7149						
T	7285	7526						
T	7549	7983						
O	8051	8088						
O	7	269						
T	296	465						
T	505	661						
T	719	976						
T	1018	1152						
T	1208	1466						
T	1490	1617						
T	1823	2065						
O	2129	2370						
O	2654	2965						
T	3046	3129						
T	3336	3716						
T	3748	4145						
O	4214	4561						
O	4757	5067						
T	5128	5482						
T	5549	6092						
O	6149	6422						
O	6460	6576						
O	6879	7327						
O	7349	8108						
O	296	436						
T	463	979						
T	994	1361						
T	1411	1731						
O	1787	2029						
O	2419	2664						
O	2715	3287						
O	3838	4280						
O	4305	4505						
O	4558	4849						
T	4876	5290						
O	5350	5585						
O	5826	6119						
T	6887	7268						
T	7292	7581						
T	7620	8039						
O	7	129						
O	154	274						
O	295	1594						
T	1774	2016						
T	2061	2739						
T	2760	3271						
T	3289	3692						
T	3709	4338						
T	4354	4555						
T	4579	5301						
O	5321	5405						
O	5422	5494						
O	5594	5632						
T	5687	6129						
T	6149	6739						
T	6754	7423						
T	7445	7731						
T	7822	8098						
O	7	268						
O	323	448						
T	483	955						
T	978	2124						
T	2219	2434						
T	2462	2665						
T	2719	2852						
O	2906	3314						
O	3374	3576						
T	3651	3845						
T	3878	3958						
T	4013	4662						
T	4686	5616						
T	5700	6074						
T	6093	6169						
T	6205	6484						
O	6551	6793						
O	6835	7166						
O	7359	7653						
O	7712	8082						
T	322	486						
T	503	746						
T	771	1017						
O	2451	2733						
O	2776	3110						
O	3147	3388						
O	3423	3709						
T	4181	4655						
T	5065	5377						
T	5396	5576						
T	5601	6099						
T	6291	6531						
T	6558	6801						
T	7644	7949						
T	7969	8100						
T	423	565						
T	587	901						
T	928	1221						
T	1240	1607						
T	1625	1977						
T	1993	2177						
T	2201	2301						
T	2536	2714						
T	2739	2993						
T	3020	3194						
T	3270	3540						
T	3564	3909						
T	3931	4191						
T	4217	4578						
O	4608	4839						
T	4880	5134						
O	5189	5587						
T	5625	5837						
T	5892	6115						
O	6150	6271						
T	6524	6737						
T	6761	6934						
T	7009	7650						
T	7	294						
T	329	505						
T	528	966						
T	989	1159						
T	1197	1464						
T	1484	1736						
T	1779	1894						
T	2142	2329						
O	2392	2650						
O	2711	3209						
T	3261	3601						
O	3652	4534						
O	4820	5046						
T	5423	5640						
T	5735	6088						
O	6133	6469						
T	6518	7264						
T	7281	7974						
T	7986	8107						
T	7	296						
T	332	501						
T	544	877						
T	900	1214						
T	1237	1556						
T	1577	1716						
T	1757	2168						
T	2206	2441						
T	2468	2739						
T	2794	3116						
T	3133	3408						
O	3457	3711						
O	5104	5353						
T	6216	6611						
O	7253	7366						
T	7648	7876						
T	7902	8095						
T	7	304						
O	348	611						
T	647	1424						
T	1438	1872						
T	1914	2186						
T	2213	2384						
T	2444	2636						
T	2710	3053						
T	3085	3291						
T	5514	5766						
O	5794	6023						
O	7	302						
T	514	666						
T	724	980						
T	1005	1230						
T	1250	1439						
T	1468	1622						
T	1818	2109						
T	2147	2492						
T	2517	2893						
T	2915	3121						
T	3144	3390						
T	3416	3720						
T	3741	4117						
T	4216	4545						
O	4626	4852						
T	5209	5457						
T	5477	5605						
T	5652	5798						
T	5987	6119						
T	6146	6644						
T	6670	6967						
T	6990	7303						
T	7355	7668						
T	7722	8098						
O	171	361						
O	411	696						
T	1088	1403						
T	1424	1626						
O	1682	1716						
O	1957	2232						
O	2280	2632						
O	2698	3138						
T	3902	4064						
O	4109	4406						
O	4835	5124						
O	5150	5439						
O	6019	6266						
O	6316	6596						
O	6626	7025						
T	7069	7285						
O	7355	7733						
O	7786	7914						
O	9	43						
O	69	104						
O	143	265						
T	305	474						
O	520	675						
T	703	1234						
T	1252	1506						
T	1530	1948						
T	1994	2457						
T	2469	2740						
T	2764	2952						
T	2976	3130						
T	3192	3285						
T	3528	3847						
O	3903	4237						
O	4301	4448						
T	4484	4734						
O	5163	5448						
T	5697	5761						
T	5767	5798						
O	5880	6268						
O	6557	6601						
O	6610	6753						
O	6795	7125						
T	7191	7617						
O	7830	8084						
O	7	263						
O	306	497						
O	575	850						
O	1076	1293						
O	1352	1624						
O	1694	2134						
T	2203	2470						
O	2531	2733						
O	2754	3028						
O	3094	3226						
O	3452	3744						
O	3771	4329						
T	4392	4609						
O	4655	4948						
O	4972	5138						
O	5324	5723						
O	5781	6070						
O	6116	6345						
O	6408	6672						
O	6703	6956						
O	7377	7674						
T	7	281						
O	317	486						
T	533	714						
T	762	1290						
T	1306	1651						
T	1662	2072						
T	2257	2602						
T	2621	3091						
T	3103	3655						
T	3684	4297						
T	4489	4880						
T	4900	5648						
T	5668	6060						
T	6078	6639						
O	6701	7017						
O	7183	7433						
O	7490	7789						
T	7842	8005						
T	7	308						
T	804	1060						
T	1113	1301						
O	1518	1642						
T	2063	2220						
T	2248	2478						
T	2511	2696						
T	2757	3246						
O	3302	3733						
T	5116	5400						
T	5443	5719						
O	5899	6326						
O	6387	6552						
T	6788	7068						
T	7839	8090						
T	383	499						
T	523	662						
T	687	988						
T	1056	1309						
T	1332	1452						
T	1494	1649						
T	1666	1788						
O	1857	2009						
O	2034	2117						
T	2167	2332						
T	2356	2882						
T	2899	3299						
T	3324	3441						
T	3594	3816						
T	3834	4356						
T	4374	4903						
O	4973	5133						
O	5158	5246						
T	5305	5551						
T	5576	5720						
T	5774	6386						
T	6407	6631						
T	6653	6753						
T	6998	7259						
O	7513	7723						
O	7766	7870						
O	7877	8089						
O	7	282						
T	314	497						
T	516	1084						
T	1095	1331						
T	1373	1771						
T	1938	2173						
T	2194	2425						
T	2442	2798						
O	2873	3050						
O	3072	3329						
O	3375	3686						
T	4168	4320						
T	4346	4936						
T	4955	5254						
O	5543	5792						
O	5836	6195						
O	6221	6462						
T	6504	6940						
O	6983	7175						
O	7198	7325						
O	7	329						
T	393	544						
T	580	969						
T	989	1364						
T	1378	1620						
T	1646	1804						
T	1828	2088						
T	2108	2615						
T	2639	3088						
T	3102	3412						
T	3475	3862						
O	3921	4315						
O	4371	4864						
O	4888	5130						
T	5156	5375						
T	5419	5950						
T	6009	6335						
O	6382	6619						
O	6917	7178						
O	7257	7437						
O	7495	7901						
O	7924	8089						
O	9	52						
O	192	266						
O	276	373						
T	413	596						
T	642	879						
T	919	1164						
T	1190	1495						
T	1535	1903						
T	2181	2402						
T	2423	2851						
T	2872	3270						
T	3341	4148						
T	4174	4787						
T	4817	5497						
T	5520	5685						
T	5874	6155						
T	6178	6330						
T	6390	6736						
O	6805	7070						
O	7437	7603						
O	7651	7901						
T	7956	8101						
O	7	283						
O	325	622						
T	681	894						
O	1067	1281						
O	1326	1604						
O	2044	2137						
O	2792	3134						
T	3159	3515						
O	3581	3804						
O	4256	4820						
O	4873	5111						
T	5377	5654						
O	5887	6195						
O	6242	6810						
O	6870	7112						
T	7165	7577						
T	7629	8024						
T	8046	8101						
T	7	327						
T	391	652						
T	740	963						
T	974	1381						
T	1393	1809						
T	2276	2418						
T	2443	2853						
T	2867	3044						
T	3065	3470						
T	3489	3742						
T	3765	4430						
T	4437	5945						
T	5959	6555						
T	6578	7076						
T	7100	7697						
T	7897	8099						
T	7	288						
T	339	475						
T	498	721						
T	763	1009						
T	1043	1335						
T	1363	1818						
T	1972	2218						
T	2266	2563						
T	2919	3165						
T	3212	3402						
T	3465	3702						
T	3726	3942						
T	3990	4121						
O	4311	4585						
T	5138	5473						
T	5543	5889						
T	5933	6022						
T	6207	6381						
T	6422	6784						
T	7466	7816						
T	7983	8107						
O	7	267						
T	315	529						
T	605	955						
T	1012	1261						
T	1287	1467						
T	3031	3423						
T	3450	3603						
T	3666	4098						
T	4122	4914						
T	5321	5415						
T	5639	5864						
T	6953	7112						
T	7180	7223						
T	7	267						
T	298	522						
T	565	840						
T	866	1142						
T	1179	1451						
T	1475	1780						
T	1805	2012						
T	2039	2216						
T	2240	2523						
O	2573	2906						
O	3159	3419						
T	3581	3824						
T	4053	4701						
T	5063	5144						
O	5189	5669						
T	5905	6080						
T	6115	6400						
T	6425	6750						
T	6774	7248						
T	7273	7563						
O	7605	7743						
O	7997	8093						
T	7	271						
T	309	568						
T	589	882						
T	943	1252						
T	1275	1468						
T	1683	1703						
T	1722	1861						
T	1887	2371						
T	2394	2432						
T	2465	2525						
T	2535	2595						
O	4633	4840						
T	5091	5360						
T	5387	5744						
T	5754	6067						
T	6427	6919						
T	6941	7203						
T	7224	7461						
T	7487	7967						
T	7986	8091						
O	7	279						
O	304	490						
T	539	814						
T	1367	1677						
O	1730	1946						
O	1998	2405						
O	2579	2617						
O	2783	3011						
O	3955	4591						
O	4616	4741						
O	5366	5386						
O	5399	5531						
O	5541	5687						
O	7	273						
O	314	472						
T	527	1020						
T	1060	1290						
T	1343	1554						
T	1612	1712						
T	1874	2268						
O	2289	2423						
T	2463	2965						
T	2991	3127						
T	3193	3413						
T	3435	3914						
T	3949	4373						
T	4388	4630						
T	4683	4868						
T	4893	5245						
O	5475	5764						
O	5797	5955						
T	6025	6105						
O	6651	6779						
T	6835	7137						
O	7195	7593						
T	7777	8015						
T	8038	8092						
T	7	245						
T	290	421						
T	461	706						
T	751	1016						
O	1703	1933						
O	1997	2337						
O	2640	3009						
T	3989	4141						
T	4181	4504						
T	4562	4751						
O	4802	5094						
O	5360	5596						
O	5656	5930						
O	5975	6306						
O	6376	6695						
O	6740	6901						
T	6948	7104						
T	7146	7408						
T	7594	7796						
T	7824	8096						
O	7	263						
T	302	481						
T	520	766						
T	779	995						
T	1010	1390						
T	1409	1585						
T	1824	1949						
T	1976	2191						
T	2216	2788						
O	2854	3109						
O	3129	3258						
T	3318	3631						
T	3654	4053						
O	4105	4317						
O	4355	4716						
O	4742	4971						
T	5019	5198						
O	5233	5424						
T	5462	5776						
T	6175	6625						
O	6690	7621						
T	7694	8096						
O	7	325						
T	373	640						
O	1366	1541						
O	1557	1982						
O	2009	2150						
O	2210	2405						
O	2452	2628						
T	2906	3189						
T	4056	4425						
O	4659	4850						
O	4887	5045						
T	5094	5397						
T	5406	5550						
T	5565	5644						
T	5905	6067						
T	6092	6394						
T	6462	6667						
O	6741	6930						
O	6961	7324						
O	7368	7582						
O	7612	7746						
O	7781	8099						
T	113	322						
T	374	573						
T	622	888						
T	916	1089						
T	1132	1541						
T	1592	1720						
T	1964	2059						
T	2110	2339						
O	2402	2621						
O	2651	2839						
T	3074	3326						
T	3386	3854						
T	3901	4250						
T	4298	4566						
T	4629	4947						
O	4996	5272						
O	5313	5666						
O	5687	6033						
O	6086	6256						
T	6305	6392						
T	6626	6860						
T	6919	7177						
T	7225	7452						
T	7518	7730						
T	8010	8140						
O	205	495						
T	544	1027						
T	1091	1222						
T	1441	1749						
T	1774	2362						
O	2412	2587						
T	2872	3199						
T	3265	3587						
T	3606	3857						
T	3876	4171						
T	4183	4491						
T	4504	4629						
T	4862	5106						
T	5124	5351						
T	5375	5568						
T	5594	5946						
T	5967	6351						
T	6370	6724						
T	6741	7777						
T	7787	7970						
